What is the location of the configuration file that you edited?: 
Configuration file correctly opened
What is the name of your file?: /home/samanthagonzales/zinc_aging/analysis/consensus-causal-graph/mouse/ordersearch/input/mouse_representative.txt

How many variables in your data file?: 30

Data file correctly opened
What is the name of the file containing prior information? (If none put NONE) NONE



What is the maximum categorical value of each variable?: 1 2 2 2 2 2 2 2 1 2 2 2 1 2 2 2 1 2 1 1 2 2 2 1 2 2 2 2 2 2 

What is the minimum categorical value of each variable?: 0 0 0 0 0 0 0 0 0 0 0 0 0 0 0 0 0 0 0 0 0 0 0 0 0 0 0 0 0 0 

Amount of Categories for each variable: 2 3 3 3 3 3 3 3 2 3 3 3 2 3 3 3 2 3 2 2 3 3 3 2 3 3 3 3 3 3 


How long would you like the program to run (in whole hours)?: 4

What is the maximum amount of parents to be considered for any given variable?: 4

What is the epsilon difference value that you would like to use?: 9.9999999999999995e-07

Would you like to designate a starting order? [Y/n] Y
The specified starting order: 25 1 23 24 15 16 4 21 11 20 6 2 10 19 12 28 0 7 26 5 18 9 8 14 3 27 22 29 17 13 


The local date and time is: Fri Nov 17 10:13:34 2023

The local date and time is: Fri Nov 17 14:13:39 2023


The total amount of unique iterations in the allotted time was: 191

11 26 22 10 2 7 8 20 1 14 0 18 6 27 19 12 13 3 9 25 21 17 24 5 15 16 29 28 4 23       43.009854082383747      {                   }      0.5
10 26 22 11 2 7 8 20 1 14 0 18 6 27 19 12 13 3 9 25 21 17 24 5 15 16 29 28 4 23       43.009854082383747      {0.5}      0.22613152089032429
2 3 7 5 25 11 1 10 26 14 4 20 27 29 0 6 19 21 15 24 13 16 22 17 23 8 9 12 18 28       42.727918094175209      {0.72613152089032429}      0.058878875708007206
2 3 10 5 25 11 1 7 26 14 4 20 27 29 0 6 19 21 15 24 13 16 22 17 23 8 9 12 18 28       42.727918094175209      {0.78501039659833149}      0.069257634273453883
11 26 9 10 2 7 8 20 1 14 0 18 6 27 19 12 13 3 22 25 21 17 24 5 15 16 29 28 4 23       42.496607811065608      {0.85426803087178538}      0.032366658283630501
11 26 9 10 2 7 8 0 1 14 20 18 6 27 19 12 13 3 22 25 21 17 24 5 15 16 29 28 4 23       42.365776379485688      {0.88663468915541588}      0.017380970479840774
16 2 17 28 11 20 10 26 7 5 9 14 25 27 6 15 4 3 24 13 1 8 19 23 22 18 0 12 29 21       42.300254588926812      {0.90401565963525665}      0.020739920531813061
2 24 10 5 25 11 1 7 26 19 4 20 6 29 0 27 14 16 15 3 13 21 22 17 23 8 9 12 18 28       42.135037091844374      {0.92475558016706971}      0.012695697461899247
16 2 17 28 11 20 10 26 7 5 9 14 25 27 0 15 4 22 24 13 1 8 19 23 3 18 6 12 29 21       42.0148316500077      {0.93745127762896896}      0.011743251179799019
16 2 17 28 11 20 10 26 7 5 9 14 25 27 0 15 4 3 24 13 1 8 19 23 22 18 6 12 29 21       41.859031406865967      {0.94919452880876798}      0.0029895532725739971
2 24 10 26 25 11 1 7 5 29 4 20 6 19 0 27 14 16 13 3 9 21 22 17 23 8 15 12 18 28       41.847382851730472      {0.95218408208134198}      0.0066006012198402964
2 24 10 5 25 11 1 7 26 14 4 20 27 29 0 6 19 21 15 3 13 16 22 17 23 8 9 12 18 28       41.740922960033551      {0.95878468330118227}      0.002931736079162417
2 24 10 5 25 11 1 7 26 29 4 20 6 19 0 27 14 16 15 3 13 21 22 17 23 8 9 12 18 28       41.706169762172109      {0.96171641938034469}      0.0069967889495150537
2 24 10 5 25 11 1 7 26 14 4 20 6 29 0 27 19 21 15 3 13 16 22 17 23 8 9 12 18 28       41.536131357000542      {0.96871320832985974}      0.0013026815548875526
2 24 10 5 25 11 1 7 26 29 4 20 6 19 0 27 14 16 9 3 13 21 22 17 23 8 15 12 18 28       41.524045744697901      {0.9700158898847473}      0.0024776012900263877
16 2 17 28 11 20 10 26 7 5 9 14 25 0 6 15 4 3 24 13 1 8 19 23 22 18 27 12 29 21       41.465692723793758      {0.97249349117477368}      0.00099554000580714952
16 2 17 28 11 20 10 26 7 5 9 14 25 0 6 15 4 3 24 13 1 22 19 23 8 18 27 12 29 21       41.455697349277735      {0.97348903118058083}      0.0006858851228045415
10 26 25 11 1 7 8 29 2 20 6 19 0 27 14 16 13 3 9 21 22 17 23 5 15 12 18 28 4 24       41.455649446062871      {0.97417491630338537}      0.00065014490144188475
10 26 25 11 2 7 8 29 1 20 6 19 0 27 14 16 13 3 9 21 22 17 23 5 15 12 18 28 4 24       41.455649446062871      {0.97482506120482726}      0.00064856240377009211
2 24 10 5 25 11 1 7 26 29 4 20 6 19 0 27 14 16 13 3 9 21 22 17 23 8 15 12 18 28       41.45438172261391      {0.97547362360859735}      0.0035774319046617542
2 24 10 5 25 11 1 7 26 14 4 20 6 29 0 27 19 16 15 3 13 21 22 17 23 8 9 12 18 28       41.317892346502042      {0.97905105551325911}      0.0018058166470401593
4 24 10 26 25 11 1 7 5 29 2 20 6 19 0 27 14 16 13 3 9 21 22 17 23 8 15 12 18 28       41.247076605572865      {0.98085687216029926}      0.00038045042505352455
2 24 10 5 25 11 1 7 26 19 4 20 6 9 0 27 14 16 15 3 13 21 22 17 23 8 29 12 18 28       41.245943396250077      {0.98123732258535279}      0.00086562064681983131
16 2 17 3 11 20 10 26 7 5 9 14 19 0 6 15 4 28 24 13 1 22 25 23 8 18 27 12 29 21       41.216769162420043      {0.98210294323217262}      0.00038277098543315624
16 2 17 3 11 20 10 26 7 5 9 14 25 0 6 15 4 28 24 13 1 22 19 23 8 18 27 12 29 21       41.212819243387706      {0.98248571421760578}      0.0004551558431985514
1 22 25 23 8 18 27 12 29 21 16 2 17 3 11 20 10 26 7 5 9 14 19 0 6 15 4 28 24 13       41.203694218944449      {0.98294087006080433}      0.00028613273871291867
1 22 27 23 8 18 25 12 29 21 16 2 17 3 11 20 10 26 7 5 9 14 19 0 6 15 4 28 24 13       41.203694218944449      {0.98322700279951725}      0.0036732954284460773
1 22 8 23 27 18 25 12 29 21 16 2 17 3 11 20 10 26 7 5 9 14 19 0 6 15 4 28 24 13       40.969699659210207      {0.98690029822796332}      0.00018579546299990479
1 22 27 23 8 18 25 12 29 21 16 2 17 3 11 20 10 26 15 5 9 14 19 0 6 7 4 28 24 13       40.968412949644211      {0.98708609369096323}      0.00090271260955687715
1 22 27 23 8 18 25 12 29 9 16 2 17 3 11 20 10 26 7 5 21 14 19 0 6 15 4 28 24 13       40.908031144694462      {0.98798880630052011}      0.00066659261722812335
2 24 10 5 25 11 1 20 26 14 4 7 27 29 0 6 19 21 15 3 13 16 22 17 23 8 9 12 18 28       40.862343518528427      {0.98865539891774823}      0.0018999278471899528
16 2 17 28 11 20 10 12 7 5 9 14 25 27 0 15 4 3 24 13 1 8 19 23 22 18 6 26 29 21       40.688542024085777      {0.99055532676493818}
