24 30 26 14 5 20 6 18 2 27 11 13 19 22 10 21 1 12 4 16 8 17 29 0 28 3 15 9 23 7 25    -234.60738867144445   [24][30|24][26|30][14|30][5|30][20|5][6][18|14:6][2|5][27|14:6][11|24:30][13|24:18][19|20:18:11][22|26:5:20:6][10|24:26:5:2][21|27:22][1|30:14:5:2][12|10:1][4|30:14:13:10][16|27][8|5:18:2][17|26:10:21][29|30:27:1][0|10:1][28|30:26:17][3|5:2:13][15|26:5:13:1][9|26:14:21:3][23|18:11:4][7|10:1:12:0][25|26:3:23:7]   -298.237   50.163
24 30 26 14 5 20 6 18 2 27 11 13 19 22 10 21 1 12 4 16 8 17 29 0 28 3 15 9 23 7 25    -234.60738867144445   [24][30|24][26|30][14|30][5|30][20|5][6][18|14:6][2|5][27|14:6][11|24:30][13|24:18][19|20:18:11][22|26:5:20:6][10|24:26:5:2][21|27:22][1|30:14:5:2][12|10:1][4|30:14:13:10][16|27][8|5:18:2][17|26:10:21][29|30:27:1][0|10:1][28|30:26:17][3|5:2:13][15|26:5:13:1][9|13:19:21:4][23|18:11:4][7|10:1:12:0][25|26:3:23:7]   -298.244   66.7392
24 30 26 14 5 20 6 18 2 27 11 13 19 22 10 21 1 12 4 16 8 17 29 0 28 3 15 9 23 7 25    -234.60738867144445   [24][30|24][26|30][14|30][5|30][20|5][6][18|14:6][2|5][27|14:6][11|24:30][13|24:18][19|20:18:11][22|26:5:20:6][10|24:26:5:2][21|27:22][1|30:14:5:2][12|10:1][4|30:14:13:10][16|27][8|5:18:2][17|26:10:21][29|30:27:1][0|10:1][28|30:26:17][3|5:2:13][15|26:5:13:1][9|11:1:4:17][23|18:11:4][7|10:1:12:0][25|26:3:23:7]   -298.244   75.0784
24 30 26 14 5 20 6 18 2 27 11 13 19 22 10 21 1 12 4 16 8 17 29 0 28 3 15 9 23 7 25    -234.60738867144445   [24][30|24][26|30][14|30][5|30][20|5][6][18|14:6][2|5][27|14:6][11|24:30][13|24:18][19|20:18:11][22|26:5:20:6][10|24:26:5:2][21|27:22][1|30:14:5:2][12|10:1][4|30:14:13:10][16|27][8|5:18:2][17|26:10:21][29|30:27:13][0|10:1][28|30:26:17][3|5:2:13][15|26:5:13:1][9|26:14:21:3][23|18:11:4][7|10:1:12:0][25|26:3:23:7]   -298.246   80.1264
24 30 26 14 5 20 6 18 2 27 11 13 19 22 10 21 1 12 4 16 8 17 29 0 28 3 15 9 23 7 25    -234.60738867144445   [24][30|24][26|30][14|30][5|30][20|5][6][18|14:6][2|5][27|14:6][11|24:30][13|24:18][19|20:18:11][22|26:5:20:6][10|24:26:5:2][21|27:22][1|30:14:5:2][12|10:1][4|30:14:13:10][16|27][8|5:18:2][17|26:10:21][29|30:27:1][0|10:1][28|30:26:17][3|5:2:13][15|26:5:13:1][9|30:14:21:3][23|18:11:4][7|10:1:12:0][25|26:3:23:7]   -298.25   83.5554
24 30 26 14 5 20 6 18 2 27 11 13 19 22 10 21 1 12 4 16 8 17 29 0 28 3 15 9 23 7 25    -234.60738867144445   [24][30|24][26|30][14|30][5|30][20|5][6][18|14:6][2|5][27|14:6][11|24:30][13|24:18][19|20:18:11][22|26:5:20:6][10|24:26:5:2][21|27:22][1|30:14:5:2][12|10:1][4|30:14:13:10][16|27][8|5:18:2][17|26:10:21][29|30:27:1][0|10:1][28|30:26:17][3|5:2:13][15|26:5:13:1][9|30:26:22:12][23|18:11:4][7|10:1:12:0][25|26:3:23:7]   -298.26   85.9324
24 30 26 14 5 20 6 18 2 27 11 13 19 22 10 21 1 12 4 16 8 17 29 0 28 3 15 9 23 7 25    -234.60738867144445   [24][30|24][26|30][14|30][5|30][20|5][6][18|14:6][2|5][27|14:6][11|24:30][13|24:18][19|20:18:11][22|26:5:20:6][10|24:26:5:2][21|27:22][1|30:14:5:2][12|10:1][4|30:14:13:10][16|27][8|5:18:2][17|26:10:21][29|30:27:1][0|1:12][28|30:26:17][3|5:2:13][15|26:5:13:1][9|26:14:21:3][23|18:11:4][7|10:1:12:0][25|26:3:23:7]   -298.265   87.8189
24 30 26 14 5 20 6 18 2 27 11 13 19 22 10 21 1 12 4 16 8 17 29 0 28 3 15 9 23 7 25    -234.60738867144445   [24][30|24][26|30][14|30][5|30][20|5][6][18|14:6][2|5][27|14:6][11|24:30][13|24:18][19|20:18:11][22|26:5:20:6][10|24:26:5:2][21|27:22][1|5:2:10][12|10:1][4|30:14:13:10][16|27][8|5:18:2][17|26:10:21][29|30:27:1][0|10:1][28|30:26:17][3|5:2:13][15|26:5:13:1][9|26:14:21:3][23|18:11:4][7|10:1:12:0][25|26:3:23:7]   -298.279   89.1588
24 30 26 14 5 20 6 18 2 27 11 13 19 22 10 21 1 12 4 16 8 17 29 0 28 3 15 9 23 7 25    -234.60738867144445   [24][30|24][26|30][14|30][5|30][20|5][6][18|14:6][2|5][27|14:6][11|24:30][13|24:18][19|20:18:11][22|26:5:20:6][10|24:26:5:2][21|27:22][1|30:14:5:2][12|10:1][4|30:14:13:10][16|27][8|5:18:2][17|26:10:21][29|30:27:1][0|10:1][28|30:26:17][3|5:2:13][15|30:5:2:21][9|26:14:21:3][23|18:11:4][7|10:1:12:0][25|26:3:23:7]   -298.281   90.2396
24 30 26 14 5 20 6 18 2 27 11 13 19 22 10 21 1 12 4 16 8 17 29 0 28 3 15 9 23 7 25    -234.60738867144445   [24][30|24][26|30][14|30][5|30][20|5][6][18|14:6][2|5][27|14:6][11|24:30][13|24:18][19|20:18:11][22|26:5:20:6][10|24:26:5:2][21|27:22][1|30:14:5:2][12|10:1][4|30:14:13:10][16|27][8|5:18:2][17|26:10:21][29|30:27:1][0|10:1][28|30:26:17][3|5:2:13][15|26:1:3][9|26:14:21:3][23|18:11:4][7|10:1:12:0][25|26:3:23:7]   -298.283   91.1527
24 30 26 14 5 20 6 18 2 27 11 13 19 22 10 21 1 12 4 16 8 17 29 0 28 3 15 9 23 7 25    -234.60738867144445   [24][30|24][26|30][14|30][5|30][20|5][6][18|14:6][2|5][27|14:6][11|24:30][13|24:18][19|20:18:11][22|26:5:20:6][10|24:26:5:2][21|27:22][1|30:14:5:2][12|10:1][4|14:13:10][16|27][8|5:18:2][17|26:10:21][29|30:27:1][0|10:1][28|30:26:17][3|5:2:13][15|26:5:13:1][9|26:14:21:3][23|18:11:4][7|10:1:12:0][25|26:3:23:7]   -298.289   91.8823
24 30 26 14 5 20 6 18 2 27 11 13 19 22 10 21 1 12 4 16 8 17 29 0 28 3 15 9 23 7 25    -234.60738867144445   [24][30|24][26|30][14|30][5|30][20|5][6][18|14:6][2|5][27|14:6][11|24:30][13|24:18][19|20:18:11][22|26:5:20:6][10|24:26:5:2][21|27:22][1|30:14:5:2][12|10:1][4|30:14:13:10][16|27][8|5:18:2][17|26:10:21][29|30:27:1][0|10:1][28|30:26:17][3|5:2:13][15|26:5:13:1][9|14:21:3][23|18:11:4][7|10:1:12:0][25|26:3:23:7]   -298.29   92.5279
24 30 26 14 5 20 6 18 2 27 11 13 19 22 10 21 1 12 4 16 8 17 29 0 28 3 15 9 23 7 25    -234.60738867144445   [24][30|24][26|30][14|30][5|30][20|5][6][18|14:6][2|5][27|14:6][11|24:30][13|24:18][19|20:18:11][22|26:5:20:6][10|24:26:5:2][21|27:22][1|30:14:5:2][12|10:1][4|30:14:13:10][16|27][8|5:18:2][17|26:10:21][29|30:27:1][0|10:1][28|30:4:17][3|5:2:13][15|26:5:13:1][9|26:14:21:3][23|18:11:4][7|10:1:12:0][25|26:3:23:7]   -298.295   93.1336
24 30 26 14 5 20 6 18 2 27 11 13 19 22 10 21 1 12 4 16 8 17 29 0 28 3 15 9 23 7 25    -234.60738867144445   [24][30|24][26|30][14|30][5|30][20|5][6][18|14:6][2|5][27|14:6][11|24:30][13|24:18][19|20:18:11][22|26:5:20:6][10|24:26:5:2][21|27:22][1|24:5:2][12|10:1][4|30:14:13:10][16|27][8|5:18:2][17|26:10:21][29|30:27:1][0|10:1][28|30:26:17][3|5:2:13][15|26:5:13:1][9|26:14:21:3][23|18:11:4][7|10:1:12:0][25|26:3:23:7]   -298.309   93.5748
24 30 26 14 5 20 6 18 2 27 11 13 19 22 10 21 1 12 4 16 8 17 29 0 28 3 15 9 23 7 25    -234.60738867144445   [24][30|24][26|30][14|30][5|30][20|5][6][18|14:6][2|5][27|14:6][11|24:30][13|24:18][19|20:18:11][22|26:5:20:6][10|24:26:5:2][21|27:22][1|14:5:2][12|10:1][4|30:14:13:10][16|27][8|5:18:2][17|26:10:21][29|30:27:1][0|10:1][28|30:26:17][3|5:2:13][15|26:5:13:1][9|26:14:21:3][23|18:11:4][7|10:1:12:0][25|26:3:23:7]   -298.309   94.0145
24 30 26 14 5 20 6 18 2 27 11 13 19 22 10 21 1 12 4 16 8 17 29 0 28 3 15 9 23 7 25    -234.60738867144445   [24][30|24][26|30][14|30][5][20|5][6][18|14:6][2|5][27|14:6][11|24:30][13|24:18][19|20:18:11][22|26:5:20:6][10|24:26:5:2][21|27:22][1|30:14:5:2][12|10:1][4|30:14:13:10][16|27][8|5:18:2][17|26:10:21][29|30:27:1][0|10:1][28|30:26:17][3|5:2:13][15|26:5:13:1][9|26:14:21:3][23|18:11:4][7|10:1:12:0][25|26:3:23:7]   -298.318   94.3671
24 30 26 14 5 20 6 18 2 27 11 13 19 22 10 21 1 12 4 16 8 17 29 0 28 3 15 9 23 7 25    -234.60738867144445   [24][30|24][26|30][14|30][5|30][20|5][6][18|14:6][2|5][27|14:6][11|24:30][13|24:18][19|20:18:11][22|26:5:20:6][10|24:26:5:2][21|27:22][1|24:26:10][12|10:1][4|30:14:13:10][16|27][8|5:18:2][17|26:10:21][29|30:27:1][0|10:1][28|30:26:17][3|5:2:13][15|26:5:13:1][9|26:14:21:3][23|18:11:4][7|10:1:12:0][25|26:3:23:7]   -298.32   94.6881
24 30 26 14 5 20 6 18 2 27 11 13 19 22 10 21 1 12 4 16 8 17 29 0 28 3 15 9 23 7 25    -234.60738867144445   [24][30|24][26|30][14|30][5|30][20|5][6][18|14:6][2|5][27|14:6][11|24:30][13|24:18][19|20:18:11][22|26:5:20:6][10|24:26:5][21|27:22][1|30:14:5:2][12|10:1][4|30:14:13:10][16|27][8|5:18:2][17|26:10:21][29|30:27:1][0|10:1][28|30:26:17][3|5:2:13][15|26:5:13:1][9|26:14:21:3][23|18:11:4][7|10:1:12:0][25|26:3:23:7]   -298.325   94.977
24 30 26 14 5 20 6 18 2 27 11 13 19 22 10 21 1 12 4 16 8 17 29 0 28 3 15 9 23 7 25    -234.60738867144445   [24][30|24][26|30][14|30][5|30][20|5][6][18|14:6][2|5][27|14:6][11|24:30][13|24:18][19|20:18:11][22|26:5:20:6][10|24:26:5:2][21|27:22][1|30:14:5:2][12|10:1][4|30:14:13:10][16|27][8|5:18:2][17|26:10:21][29|30:27:1][0|10:1][28|30:26:17][3|5:2:13][15|26:5:13:1][9|26:14:21:3][23|18:11:4][7|10:1:12][25|26:3:23:7]   -298.329   95.2878
24 30 26 14 5 20 6 18 2 27 11 13 19 22 10 21 1 12 4 16 8 17 29 0 28 3 15 9 23 7 25    -234.60738867144445   [24][30|24][26|30][14|30][5|30][20|5][6][18|14:6][2|5][27|14:6][11|24:30][13|24:18][19|20:18:11][22|26:5:20:6][10|24:26:20][21|27:22][1|30:14:5:2][12|10:1][4|30:14:13:10][16|27][8|5:18:2][17|26:10:21][29|30:27:1][0|10:1][28|30:26:17][3|5:2:13][15|26:5:13:1][9|26:14:21:3][23|18:11:4][7|10:1:12:0][25|26:3:23:7]   -298.345   95.6438
24 30 26 14 5 20 6 18 2 27 11 13 19 22 10 21 1 12 4 16 8 17 29 0 28 3 15 9 23 7 25    -234.60738867144445   [24][30|24][26|30][14|30][5|30][20|5][6][18|14:6][2|5][27|14:6][11|24:30][13|24:18][19|20:18:11][22|26:5:20:6][10|24:26:5:2][21|27:22][1|30:14:5][12|10:1][4|30:14:13:10][16|27][8|5:18:2][17|26:10:21][29|30:27:1][0|10:1][28|30:26:17][3|5:2:13][15|26:5:13:1][9|26:14:21:3][23|18:11:4][7|10:1:12:0][25|26:3:23:7]   -298.379   95.8439
24 30 26 14 5 20 6 18 2 27 11 13 19 22 10 21 1 12 4 16 8 17 29 0 28 3 15 9 23 7 25    -234.60738867144445   [24][30|24][26|30][14|30][5|30][20|5][6][18|14:6][2|5][27|14:6][11|24:30][13|24:18][19|20:18:11][22|26:5:20:6][10|24:26:5:2][21|27:22][1|30:14:5:2][12|10:1][4|30:14:13:10][16|30:27][8|5:18:2][17|26:10:21][29|30:27:1][0|10:1][28|30:26:17][3|5:2:13][15|26:5:13:1][9|26:14:21:3][23|18:11:4][7|10:1:12:0][25|26:3:23:7]   -298.383   96.0154
24 30 26 14 5 20 6 18 2 27 11 13 19 22 10 21 1 12 4 16 8 17 29 0 28 3 15 9 23 7 25    -234.60738867144445   [24][30|24][26|30][14|30][5|30][20|5][6][18|14:6][2|5][27|14:6][11|24:30][13|24:18][19|20:18:11][22|26:5:20:6][10|24:26:5:2][21|27:22][1|30:14:20][12|10:1][4|30:14:13:10][16|27][8|5:18:2][17|26:10:21][29|30:27:1][0|10:1][28|30:26:17][3|5:2:13][15|26:5:13:1][9|26:14:21:3][23|18:11:4][7|10:1:12:0][25|26:3:23:7]   -298.385   96.1845
24 30 26 14 5 20 6 18 2 27 11 13 19 22 10 21 1 12 4 16 8 17 29 0 28 3 15 9 23 7 25    -234.60738867144445   [24][30|24][26|30][14|30][5|30][20|5][6][18|14:6][2|5][27|14:6][11|24:30][13|24:18][19|20:18:11][22|26:5:20:6][10|24:26:5:2][21|27:22][1|30:14:5:2][12|10:1][4|30:14:13:10][16|27][8|5:18:2][17|26:10:21][29|27:1][0|10:1][28|30:26:17][3|5:2:13][15|26:5:13:1][9|26:14:21:3][23|18:11:4][7|10:1:12:0][25|26:3:23:7]   -298.389   96.38
24 30 26 14 5 20 6 18 2 27 11 13 19 22 10 21 1 12 4 16 8 17 29 0 28 3 15 9 23 7 25    -234.60738867144445   [24][30|24][26|30][14|30][5|30][20|5][6][18|14:6][2|5][27|14:6][11|24:30][13|24:18][19|20:18:11][22|26:5:20:6][10|24:26:5:2][21|27:22][1|30:14:5:2][12|10:1][4|30:14:13:10][16|27][8|5:18:2][17|26:10:21][29|27:13][0|10:1][28|30:26:17][3|5:2:13][15|26:5:13:1][9|26:14:21:3][23|18:11:4][7|10:1:12:0][25|26:3:23:7]   -298.405   96.5237
24 30 26 14 5 20 6 18 2 27 11 13 19 22 10 21 1 12 4 16 8 17 29 0 28 3 15 9 23 7 25    -234.60738867144445   [24][30|24][26|30][14|30][5|30][20|5][6][18|14:6][2|5][27|14:6][11|24:30][13|24:18][19|20:18:11][22|26:5:20:6][10|24:26:5:2][21|27:22][1|30:14:5:2][12|10:1][4|30:14:13:10][16|27][8|5:18:2][17|26:10:21][29|30:27:1][0|10:1][28|30:26:17][3|5:2:13][15|30:5:21][9|26:14:21:3][23|18:11:4][7|10:1:12:0][25|26:3:23:7]   -298.41   96.6719
24 30 26 14 5 20 6 18 2 27 11 13 19 22 10 21 1 12 4 16 8 17 29 0 28 3 15 9 23 7 25    -234.60738867144445   [24][30|24][26|30][14|30][5|30][20|5][6][18|14:6][2|5][27|14:6][11|24:30][13|24:18][19|20:18:11][22|26:5:20:6][10|24:26:5:2][21|27:22][1|30:14:5:2][12|10:1][4|30:14:13:10][16|27][8|5:18:2][17|26:10:21][29|30:27:1][0|10:1][28|30:26:17][3|5:13][15|26:5:13:1][9|26:14:21:3][23|18:11:4][7|10:1:12:0][25|26:3:23:7]   -298.42   96.8405
24 30 26 14 5 20 6 18 2 27 11 13 19 22 10 21 1 12 4 16 8 17 29 0 28 3 15 9 23 7 25    -234.60738867144445   [24][30|24][26|30][14|30][5|30][20|5][6][18|14:6][2|5][27|14:6][11|24:30][13|24:18][19|20:18:11][22|26:5:20:6][10|24:26:5:2][21|27:22][1|30:14:5:2][12|10:1][4|30:14:13:10][16|27][8|5:18:2][17|26:10:21][29|30:27:1][0|10:1][28|30:26:17][3|5:2:13][15|30:20:21][9|26:14:21:3][23|18:11:4][7|10:1:12:0][25|26:3:23:7]   -298.44   96.9806
24 30 26 14 5 20 6 18 2 27 11 13 19 22 10 21 1 12 4 16 8 17 29 0 28 3 15 9 23 7 25    -234.60738867144445   [24][30|24][26|30][14|30][5|30][20|5][6][18|14:6][2|5][27|14:6][11|24:30][13|24:18][19|20:18:11][22|26:5:20:6][10|24:26:5:2][21|27:22][1|30:14:5:2][12|10:1][4|30:14:13:10][16|27][8|5:18][17|26:10:21][29|30:27:1][0|10:1][28|30:26:17][3|5:2:13][15|26:5:13:1][9|26:14:21:3][23|18:11:4][7|10:1:12:0][25|26:3:23:7]   -298.454   97.0866
24 30 26 14 5 20 6 18 2 27 11 13 19 22 10 21 1 12 4 16 8 17 29 0 28 3 15 9 23 7 25    -234.60738867144445   [24][30|24][26|30][14|30][5|30][20|5][6][18|14:6][2|5][27|30][11|24:30][13|24:18][19|20:18:11][22|26:5:20:6][10|24:26:5:2][21|27:22][1|30:14:5:2][12|10:1][4|30:14:13:10][16|27][8|5:18:2][17|26:10:21][29|30:27:1][0|10:1][28|30:26:17][3|5:2:13][15|26:5:13:1][9|26:14:21:3][23|18:11:4][7|10:1:12:0][25|26:3:23:7]   -298.46   97.2246
24 30 26 14 5 20 6 18 2 27 11 13 19 22 10 21 1 12 4 16 8 17 29 0 28 3 15 9 23 7 25    -234.60738867144445   [24][30|24][26|30][14|30][5|30][20|5][6][18|14:6][2|5][27|14:6][11|24:30][13|24:18][19|20:18:11][22|26:5:20:6][10|24:26:5:2][21|27:22][1|30:14:5:2][12|10:1][4|30:14:13:10][16|27][8|20:18][17|26:10:21][29|30:27:1][0|10:1][28|30:26:17][3|5:2:13][15|26:5:13:1][9|26:14:21:3][23|18:11:4][7|10:1:12:0][25|26:3:23:7]   -298.481   97.3009
24 30 26 14 5 20 6 18 2 27 11 13 19 22 10 21 1 12 4 16 8 17 29 0 28 3 15 9 23 7 25    -234.60738867144445   [24][30|24][26|30][14|30][5|30][20|5][6][18|14:6][2|5][27|14:6][11|24:30][13|24:18][19|20:18:11][22|26:5:20:6][10|24:26:5:2][21|27:22][1|30:14:5:2][12|10:1][4|30:14:13:10][16|27][8|5:18:2][17|26:10:21][29|30:27:1][0|10:1][28|30:26:17][3|20:13][15|26:5:13:1][9|26:14:21:3][23|18:11:4][7|10:1:12:0][25|26:3:23:7]   -298.481   97.4089
24 30 26 14 5 20 6 18 2 27 11 13 19 22 10 21 1 12 4 16 8 17 29 0 28 3 15 9 23 7 25    -234.60738867144445   [24][30|24][26|30][14|30][5|30][20|5][6][18|14:6][2|5][27|14:6][11|24:30][13|24:18][19|20:18:11][22|26:5:20:6][10|24:26:5:2][21|27:22][1|5:10][12|10:1][4|30:14:13:10][16|27][8|5:18:2][17|26:10:21][29|30:27:1][0|10:1][28|30:26:17][3|5:2:13][15|26:5:13:1][9|26:14:21:3][23|18:11:4][7|10:1:12:0][25|26:3:23:7]   -298.496   97.6175
24 30 26 14 5 20 6 18 2 27 11 13 19 22 10 21 1 12 4 16 8 17 29 0 28 3 15 9 23 7 25    -234.60738867144445   [24][30|24][26|30][14|30][5|30][20|5][6][18|14:6][2|5][27|14:6][11|24:30][13|24:18][19|20:18:11][22|26:5:20:6][10|24:26:5:2][21|27:22][1|20:10][12|10:1][4|30:14:13:10][16|27][8|5:18:2][17|26:10:21][29|30:27:1][0|10:1][28|30:26:17][3|5:2:13][15|26:5:13:1][9|26:14:21:3][23|18:11:4][7|10:1:12:0][25|26:3:23:7]   -298.556   97.7296
24 30 26 14 5 20 6 18 2 27 11 13 19 22 10 21 1 12 4 16 8 17 29 0 28 3 15 9 23 7 25    -234.60738867144445   [24][30|24][26|30][14|30][5|30][20|5][6][18|14:6][2|5][27|14:6][11|24:30][13|24:18][19|20:18:11][22|26:5:20:6][10|24:26:5:2][21|27:22][1|24:5][12|10:1][4|30:14:13:10][16|27][8|5:18:2][17|26:10:21][29|30:27:1][0|10:1][28|30:26:17][3|5:2:13][15|26:5:13:1][9|26:14:21:3][23|18:11:4][7|10:1:12:0][25|26:3:23:7]   -298.581   97.7899
24 30 26 14 5 20 6 18 2 27 11 13 19 22 10 21 1 12 4 16 8 17 29 0 28 3 15 9 23 7 25    -234.60738867144445   [24][30|24][26|30][14|30][5|30][20|5][6][18|14:6][2|5][27|14:6][11|24:30][13|24:18][19|20:18:11][22|26:5:20:6][10|24:26:5:2][21|27:22][1|30:14:5:2][12|10:1][4|30:14:13:10][16|27][8|5:18:2][17|26:10:21][29|30:27:1][0|10:1][28|30:26:17][3|5:2:13][15|26:5:13:1][9|30:26][23|18:11:4][7|10:1:12:0][25|26:3:23:7]   -298.585   97.849
24 30 26 14 5 20 6 18 2 27 11 13 19 22 10 21 1 12 4 16 8 17 29 0 28 3 15 9 23 7 25    -234.60738867144445   [24][30|24][26|30][14|30][5|30][20|5][6][18|14:6][2|5][27|14:6][11|24:30][13|24:18][19|20:18:11][22|26:5:20:6][10|24:26:5:2][21|27:22][1|30:14:5:2][12|10:1][4|30:14:13:10][16|27][8|5:18:2][17|26:10:21][29|30:27:1][0|10:1][28|30:26:17][3|5:2:13][15|26:5:13:1][9|26:14:21:3][23|18:11:4][7|10:12][25|26:3:23:7]   -298.591   97.8984
24 30 26 14 5 20 6 18 2 27 11 13 19 22 10 21 1 12 4 16 8 17 29 0 28 3 15 9 23 7 25    -234.60738867144445   [24][30|24][26|30][14|30][5|30][20|5][6][18|14:6][2|5][27|14:6][11|24:30][13|24:18][19|20:18:11][22|26:5:20:6][10|24:26:5:2][21|27:22][1|24:20][12|10:1][4|30:14:13:10][16|27][8|5:18:2][17|26:10:21][29|30:27:1][0|10:1][28|30:26:17][3|5:2:13][15|26:5:13:1][9|26:14:21:3][23|18:11:4][7|10:1:12:0][25|26:3:23:7]   -298.593   97.9843
24 30 26 14 5 20 6 18 2 27 11 13 19 22 10 21 1 12 4 16 8 17 29 0 28 3 15 9 23 7 25    -234.60738867144445   [24][30|24][26|30][14|30][5|30][20|5][6][18|14:6][2|5][27|14:6][11|24:30][13|24:18][19|20:18:11][22|26:5:20:6][10|24:26:5:2][21|27:22][1|24:10][12|10:1][4|30:14:13:10][16|27][8|5:18:2][17|26:10:21][29|30:27:1][0|10:1][28|30:26:17][3|5:2:13][15|26:5:13:1][9|26:14:21:3][23|18:11:4][7|10:1:12:0][25|26:3:23:7]   -298.614   98.0922
24 30 26 14 5 20 6 18 2 27 11 13 19 22 10 21 1 12 4 16 8 17 29 0 28 3 15 9 23 7 25    -234.60738867144445   [24][30|24][26|30][14|30][5|30][20|5][6][18|30:14:6][2|5][27|14:6][11|24:30][13|24:18][19|20:18:11][22|26:5:20:6][10|24:26:5:2][21|27:22][1|30:14:5:2][12|10:1][4|30:14:13:10][16|27][8|5:18:2][17|26:10:21][29|30:27:1][0|10:1][28|30:26:17][3|5:2:13][15|26:5:13:1][9|26:14:21:3][23|18:11:4][7|10:1:12:0][25|26:3:23:7]   -298.65   98.1497
24 30 26 14 5 20 6 18 2 27 11 13 19 22 10 21 1 12 4 16 8 17 29 0 28 3 15 9 23 7 25    -234.60738867144445   [24][30|24][26|30][14|30][5|30][20|5][6][18|14:6][2|5][27|30:14:6][11|24:30][13|24:18][19|20:18:11][22|26:5:20:6][10|24:26:5:2][21|27:22][1|30:14:5:2][12|10:1][4|30:14:13:10][16|27][8|5:18:2][17|26:10:21][29|30:27:1][0|10:1][28|30:26:17][3|5:2:13][15|26:5:13:1][9|26:14:21:3][23|18:11:4][7|10:1:12:0][25|26:3:23:7]   -298.662   98.1901
24 30 26 14 5 20 6 18 2 27 11 13 19 22 10 21 1 12 4 16 8 17 29 0 28 3 15 9 23 7 25    -234.60738867144445   [24][30|24][26|30][14|30][5|30][20|5][6][18|14:6][2|5][27|14:6][11|24:30][13|24:18][19|20:18:11][22|26:5:20:6][10|24:26:5:2][21|30:27:22][1|30:14:5:2][12|10:1][4|30:14:13:10][16|27][8|5:18:2][17|26:10:21][29|30:27:1][0|10:1][28|30:26:17][3|5:2:13][15|26:5:13:1][9|26:14:21:3][23|18:11:4][7|10:1:12:0][25|26:3:23:7]   -298.666   98.2832
24 30 26 14 5 20 6 18 2 27 11 13 19 22 10 21 1 12 4 16 8 17 29 0 28 3 15 9 23 7 25    -234.60738867144445   [24][30|24][26|30][14|30][5|30][20|5][6][18|14:6][2|5][27|14:6][11|24:30][13|24:18][19|20:18:11][22|26:5:20:6][10|24:26:5:2][21|27:22][1|5][12|10:1][4|30:14:13:10][16|27][8|5:18:2][17|26:10:21][29|30:27:1][0|10:1][28|30:26:17][3|5:2:13][15|26:5:13:1][9|26:14:21:3][23|18:11:4][7|10:1:12:0][25|26:3:23:7]   -298.701   98.4091
24 30 26 14 5 20 6 18 2 27 11 13 19 22 10 21 1 12 4 16 8 17 29 0 28 3 15 9 23 7 25    -234.60738867144445   [24][30|24][26|30][14|30][5|30][20|5][6][18|14:6][2|5:20][27|14:6][11|24:30][13|24:18][19|20:18:11][22|26:5:20:6][10|24:26:5:2][21|27:22][1|30:14:5:2][12|10:1][4|30:14:13:10][16|27][8|5:18:2][17|26:10:21][29|30:27:1][0|10:1][28|30:26:17][3|5:2:13][15|26:5:13:1][9|26:14:21:3][23|18:11:4][7|10:1:12:0][25|26:3:23:7]   -298.761   98.5097
24 30 26 14 5 20 6 18 2 27 11 13 19 22 10 21 1 12 4 16 8 17 29 0 28 3 15 9 23 7 25    -234.60738867144445   [24][30|24][26|30][14|30][5|30][20|5][6][18|30:14:20:6][2|5][27|14:6][11|24:30][13|24:18][19|20:18:11][22|26:5:20:6][10|24:26:5:2][21|27:22][1|30:14:5:2][12|10:1][4|30:14:13:10][16|27][8|5:18:2][17|26:10:21][29|30:27:1][0|10:1][28|30:26:17][3|5:2:13][15|26:5:13:1][9|26:14:21:3][23|18:11:4][7|10:1:12:0][25|26:3:23:7]   -298.812   98.5479
24 30 26 14 5 20 6 18 2 27 11 13 19 22 10 21 1 12 4 16 8 17 29 0 28 3 15 9 23 7 25    -234.60738867144445   [24][30|24][26|30][14|30][5|30][20|5][6][18|14:6][2|26:5][27|14:6][11|24:30][13|24:18][19|20:18:11][22|26:5:20:6][10|24:26:5:2][21|27:22][1|30:14:5:2][12|10:1][4|30:14:13:10][16|27][8|5:18:2][17|26:10:21][29|30:27:1][0|10:1][28|30:26:17][3|5:2:13][15|26:5:13:1][9|26:14:21:3][23|18:11:4][7|10:1:12:0][25|26:3:23:7]   -298.823   98.5698
24 30 26 14 5 20 6 18 2 27 11 13 19 22 10 21 1 12 4 16 8 17 29 0 28 3 15 9 23 7 25    -234.60738867144445   [24][30|24][26|30][14|30][5|30][20|5][6][18|14:6][2|5][27|14:6][11|24:30][13|24:18][19|20:18:11][22|26:5:20:6][10|24:26:5:2][21|27][1|30:14:5:2][12|10:1][4|30:14:13:10][16|27][8|5:18:2][17|26:10:21][29|30:27:1][0|10:1][28|30:26:17][3|5:2:13][15|26:5:13:1][9|26:14:21:3][23|18:11:4][7|10:1:12:0][25|26:3:23:7]   -298.824   98.5928
24 30 26 14 5 20 6 18 2 27 11 13 19 22 10 21 1 12 4 16 8 17 29 0 28 3 15 9 23 7 25    -234.60738867144445   [24][30|24][26|30][14|30][5|30][20|5][6][18|14:6][2|5][27|14:6][11|24:30][13|24:18][19|20:18:11][22|26:5:20:6][10|24:26:5:2][21|27:22][1|30:14:5:2][12|10:1][4|30:14:13:10][16|27][8|5:18:2][17|26:10:21][29|30:26:27:1][0|10:1][28|30:26:17][3|5:2:13][15|26:5:13:1][9|26:14:21:3][23|18:11:4][7|10:1:12:0][25|26:3:23:7]   -298.826   98.6171
24 30 26 14 5 20 6 18 2 27 11 13 19 22 10 21 1 12 4 16 8 17 29 0 28 3 15 9 23 7 25    -234.60738867144445   [24][30|24][26|30][14|30][5|30][20|5][6][18|14:6][2|5][27|14:6][11|24:30][13|24:18][19|20:18:11][22|26:5:20:6][10|24:26:5:2][21|27:22][1|30:14:5:2][12|10:1][4|30:14:13:10][16|27][8|5:18:2][17|26:10:21][29|30:27:1:16][0|10:1][28|30:26:17][3|5:2:13][15|26:5:13:1][9|26:14:21:3][23|18:11:4][7|10:1:12:0][25|26:3:23:7]   -298.829   98.641
24 30 26 14 5 20 6 18 2 27 11 13 19 22 10 21 1 12 4 16 8 17 29 0 28 3 15 9 23 7 25    -234.60738867144445   [24][30|24][26|30][14|30][5|30][20|5][6][18|14:6][2|5][27|14:6][11|24:30][13|24:18][19|20:18:11][22|26:5:20:6][10|24:26:5:2][21|27:22][1|30:14:5:2][12|10:1][4|30:14:13:10][16|27][8|5:18:2][17|26:10:21][29|30:27:13:16][0|10:1][28|30:26:17][3|5:2:13][15|26:5:13:1][9|26:14:21:3][23|18:11:4][7|10:1:12:0][25|26:3:23:7]   -298.833   98.6964
24 30 26 14 5 20 6 18 2 27 11 13 19 22 10 21 1 12 4 16 8 17 29 0 28 3 15 9 23 7 25    -234.60738867144445   [24][30|24][26|30][14|30][5|30][20|5][6][18|14:6][2|5][27|14:6][11|24:30][13|24:18][19|20:18:11][22|26:5:20:6][10|24:26:5:2][21|27:11][1|30:14:5:2][12|10:1][4|30:14:13:10][16|27][8|5:18:2][17|26:10:21][29|30:27:1][0|10:1][28|30:26:17][3|5:2:13][15|26:5:13:1][9|26:14:21:3][23|18:11:4][7|10:1:12:0][25|26:3:23:7]   -298.862   98.7179
24 30 26 14 5 20 6 18 2 27 11 13 19 22 10 21 1 12 4 16 8 17 29 0 28 3 15 9 23 7 25    -234.60738867144445   [24][30|24][26|30][14|30][5|30][20|5][6][18|14:20:6][2|5][27|14:6][11|24:30][13|24:18][19|20:18:11][22|26:5:20:6][10|24:26:5:2][21|27:22][1|30:14:5:2][12|10:1][4|30:14:13:10][16|27][8|5:18:2][17|26:10:21][29|30:27:1][0|10:1][28|30:26:17][3|5:2:13][15|26:5:13:1][9|26:14:21:3][23|18:11:4][7|10:1:12:0][25|26:3:23:7]   -298.865   98.7491
24 30 26 14 5 20 6 18 2 27 11 13 19 22 10 21 1 12 4 16 8 17 29 0 28 3 15 9 23 7 25    -234.60738867144445   [24][30|24][26|30][14|30][5|30][20|5][6|30][18|14:6][2|5][27|14:6][11|24:30][13|24:18][19|20:18:11][22|26:5:20:6][10|24:26:5:2][21|27:22][1|30:14:5:2][12|10:1][4|30:14:13:10][16|27][8|5:18:2][17|26:10:21][29|30:27:1][0|10:1][28|30:26:17][3|5:2:13][15|26:5:13:1][9|26:14:21:3][23|18:11:4][7|10:1:12:0][25|26:3:23:7]   -298.877   98.7686
24 30 26 14 5 20 6 18 2 27 11 13 19 22 10 21 1 12 4 16 8 17 29 0 28 3 15 9 23 7 25    -234.60738867144445   [24][30|24][26|30][14|30][5|30][20|5][6][18|14:6][2|5][27|14:6][11|24:30][13|24:18][19|20:18:11][22|26:5:20:6][10|24:26:5:2][21|27:22][1|30:14:5:2][12|10:1][4|30:14:13:10][16|27][8|5:18:2][17|26:10:21][29|26:27:1][0|10:1][28|30:26:17][3|5:2:13][15|26:5:13:1][9|26:14:21:3][23|18:11:4][7|10:1:12:0][25|26:3:23:7]   -298.881   98.7919
24 30 26 14 5 20 6 18 2 27 11 13 19 22 10 21 1 12 4 16 8 17 29 0 28 3 15 9 23 7 25    -234.60738867144445   [24][30|24][26|30][14|30][5|30][20|5][6][18|14:6][2|5][27|14:6][11|24:30][13|24:18][19|20:18:11][22|26:5:20:6][10|24:26:5:2][21|27:22][1|30:14:5:2][12|10:1][4|30:14:13:10][16|27][8|5:18:2][17|26:10:21][29|27:1:16][0|10:1][28|30:26:17][3|5:2:13][15|26:5:13:1][9|26:14:21:3][23|18:11:4][7|10:1:12:0][25|26:3:23:7]   -298.888   98.815
24 30 26 14 5 20 6 18 2 27 11 13 19 22 10 21 1 12 4 16 8 17 29 0 28 3 15 9 23 7 25    -234.60738867144445   [24][30|24][26|30][14|30][5|30][20|5][6][18|14:6][2|5][27|14:6][11|24:30][13|24:18][19|20:18:11][22|26:5:20:6][10|24:26:5:2][21|27:22][1|30:14:5:2][12|10:1][4|30:14:13:10][16|27][8|5:18:2][17|26:10:21][29|27:13:16][0|10:1][28|30:26:17][3|5:2:13][15|26:5:13:1][9|26:14:21:3][23|18:11:4][7|10:1:12:0][25|26:3:23:7]   -298.895   98.885
24 30 26 14 5 20 6 18 2 27 11 13 19 22 10 21 1 12 4 16 8 17 29 0 28 3 15 9 23 7 25    -234.60738867144445   [24][30|24][26|30][14|30][5|30][20|5][6][18|14:6][2|5][27|14:6][11|24:30][13|24:18][19|20:18:11][22|26:5:20:6][10|24:26:5:2][21|27:22][1|30:14:5:2][12|10:1][4|30:14:13:10][16|27][8|5:18:2][17|26:10:21][29|30:1:16][0|10:1][28|30:26:17][3|5:2:13][15|26:5:13:1][9|26:14:21:3][23|18:11:4][7|10:1:12:0][25|26:3:23:7]   -298.945   98.909
24 30 26 14 5 20 6 18 2 27 11 13 19 22 10 21 1 12 4 16 8 17 29 0 28 3 15 9 23 7 25    -234.60738867144445   [24][30|24][26|30][14|30][5|30][20|5][6][18|14:6][2|5][27|14:6][11|24:30][13|24:18][19|20:18:11][22|26:5:20:6][10|24:26:5:2][21|27:22][1|30:14:5:2][12|10:1][4|30:14:13:10][16|27][8|5:18:2][17|26:10:21][29|30:13:16][0|10:1][28|30:26:17][3|5:2:13][15|26:5:13:1][9|26:14:21:3][23|18:11:4][7|10:1:12:0][25|26:3:23:7]   -298.955   98.9513
24 30 26 14 5 20 6 18 2 27 11 13 19 22 10 21 1 12 4 16 8 17 29 0 28 3 15 9 23 7 25    -234.60738867144445   [24][30|24][26|30][14|30][5|30][20|5][6][18|14:6][2|5][27|14:6][11|24:30][13|26:5:18:2][19|20:18:11][22|26:5:20:6][10|24:26:5:2][21|27:22][1|30:14:5:2][12|10:1][4|30:14:13:10][16|27][8|5:18:2][17|26:10:21][29|30:27:1][0|10:1][28|30:26:17][3|5:2:13][15|26:5:13:1][9|26:14:21:3][23|18:11:4][7|10:1:12:0][25|26:3:23:7]   -298.984   98.9794
24 30 26 14 5 20 6 18 2 27 11 13 19 22 10 21 1 12 4 16 8 17 29 0 28 3 15 9 23 7 25    -234.60738867144445   [24][30|24][26|30][14|30][5|30][20|5][6][18|14:6][2|5][27|14:6][11|24:30][13|26:5:6:2][19|20:18:11][22|26:5:20:6][10|24:26:5:2][21|27:22][1|30:14:5:2][12|10:1][4|30:14:13:10][16|27][8|5:18:2][17|26:10:21][29|30:27:1][0|10:1][28|30:26:17][3|5:2:13][15|26:5:13:1][9|26:14:21:3][23|18:11:4][7|10:1:12:0][25|26:3:23:7]   -299.001   98.9978
